1 494
2 880
3 198
4 569
5 135
6 823
7 428
8 892
9 210
10 557
11 123
12 811
13 440
14 904
15 222
16 545
17 111
18 799
19 452
20 916
21 234
22 533
23 99
24 787
25 464
26 850
27 246
28 521
29 87
30 775
31 476
32 862
33 180
34 509
35 153
36 763
37 488
38 874
39 192
40 575
41 141
42 829
43 422
44 886
45 204
46 563
47 129
48 817
49 434
50 898
51 216
52 551
53 117
54 805
55 446
56 910
57 228
58 539
59 105
60 793
61 458
62 844
63 240
64 527
65 93
66 781
67 470
68 856
69 174
70 515
71 159
72 769
73 482
74 868
75 186
76 581
77 147
78 757
79 181
80 1068
81 718
82 537
83 863
84 344
85 325
86 711
88 738
89 304
90 992
91 253
92 681
94 708
95 262
96 968
97 259
98 729
100 678
101 298
102 944
103 265
104 699
106 726
107 256
108 998
109 271
110 747
112 696
113 292
114 974
115 277
116 717
118 744
119 328
120 950
121 283
122 687
124 714
125 286
126 926
127 289
128 735
130 684
131 322
132 980
133 295
134 705
136 732
137 280
138 956
139 301
140 675
142 702
143 316
144 932
145 307
146 723
148 750
149 274
150 986
151 313
152 693
154 720
155 310
156 962
157 319
158 741
160 690
161 268
162 938
163 175
164 1074
165 724
166 543
167 869
168 350
169 247
170 542
171 952
172 276
173 473
176 548
177 934
178 324
179 479
182 554
183 994
184 294
185 485
187 1087
188 560
189 976
190 264
191 491
193 1003
194 566
195 958
196 312
197 497
199 919
200 572
201 940
202 282
203 425
205 835
206 578
207 1000
208 330
209 431
211 751
212 506
213 982
214 300
215 437
217 667
218 512
219 964
220 270
221 443
223 583
224 518
225 946
226 318
227 449
229 499
230 524
231 928
232 288
233 455
235 415
236 530
237 988
238 258
239 461
241 331
242 536
243 970
244 306
245 467
248 1080
249 730
250 549
251 875
252 356
254 373
255 783
257 642
260 337
261 789
263 618
266 379
267 795
269 594
272 343
273 801
275 648
278 385
279 807
281 624
284 349
285 813
287 600
290 391
291 819
293 654
296 355
297 825
299 630
302 397
303 831
305 606
308 361
309 759
311 660
314 403
315 765
317 636
320 367
321 771
323 612
326 409
327 777
329 666
332 1086
333 736
334 555
335 881
336 362
338 1092
339 614
340 1030
341 372
342 407
345 644
346 1036
347 348
351 596
352 1042
353 402
354 365
357 626
358 1048
359 378
360 383
363 656
364 1054
366 401
368 420
369 608
370 1060
371 408
374 504
375 638
376 1066
377 384
380 588
381 590
382 1072
386 672
387 620
388 1078
389 414
390 395
392 756
393 650
394 1084
396 413
398 840
399 602
400 1012
404 924
405 632
406 1018
410 1008
411 662
412 1024
416 1014
417 742
418 561
419 887
421 429
423 445
424 861
426 576
427 447
430 885
432 582
433 465
435 475
436 909
438 510
439 483
441 451
442 855
444 516
448 879
450 522
453 481
454 903
456 528
457 459
460 849
462 534
463 477
466 873
468 540
469 495
471 487
472 897
474 546
478 843
480 552
484 867
486 558
489 493
490 891
492 564
496 915
498 570
500 1020
501 748
502 567
503 893
505 598
507 754
508 692
511 622
513 838
514 734
517 646
519 922
520 698
523 592
525 1006
526 740
529 616
531 1090
532 704
535 640
538 746
541 664
544 710
547 610
550 674
553 634
556 716
559 658
562 680
565 604
568 722
571 628
573 586
574 686
577 652
579 670
580 728
584 1026
585 676
587 899
589 767
591 1063
593 957
595 797
597 1039
599 945
601 827
603 1015
605 933
607 779
609 1069
611 999
613 809
615 1045
617 987
619 761
621 1021
623 975
625 791
627 1075
629 963
631 821
633 1051
635 951
637 773
639 1027
641 939
643 803
645 1081
647 927
649 833
651 1057
653 993
655 785
657 1033
659 981
661 815
663 1009
665 969
668 1032
669 682
671 905
673 936
677 788
679 972
683 806
685 930
688 753
689 824
691 966
694 837
695 764
697 1002
700 921
701 782
703 960
706 1005
707 800
709 996
712 1089
713 818
715 954
719 758
721 990
725 776
727 948
731 794
733 984
737 812
739 942
743 830
745 978
749 770
752 1038
755 911
760 985
762 1023
766 967
768 1065
772 949
774 1029
778 931
780 1071
784 991
786 1035
790 973
792 1077
796 955
798 1041
802 937
804 1083
808 997
810 1047
814 979
816 1011
820 961
822 1053
826 943
828 1017
832 925
834 1059
836 1044
839 917
841 1001
842 888
845 923
846 854
847 953
848 906
851 1007
852 908
853 983
857 1091
858 884
859 935
860 864
865 965
866 882
870 914
871 995
872 900
876 890
877 947
878 918
883 977
889 929
894 896
895 959
901 989
902 912
907 941
913 971
920 1050
1004 1056
1010 1049
1013 1058
1016 1025
1019 1076
1022 1079
1028 1055
1031 1034
1037 1052
1040 1085
1043 1070
1046 1061
1062 1088
1064 1067
1073 1082
1 134
2 196
3 300
4 827
5 681
6 607
7 146
8 208
9 312
10 815
11 747
12 595
13 158
14 220
15 324
16 803
17 735
18 661
19 92
20 232
21 258
22 791
23 723
24 649
25 104
26 244
27 270
28 779
29 711
30 637
31 116
32 178
33 282
34 767
35 699
36 625
37 128
38 190
39 294
40 833
41 687
42 613
43 140
44 202
45 306
46 821
47 675
48 601
49 152
50 214
51 318
52 809
53 741
54 589
55 86
56 226
57 330
58 797
59 729
60 655
61 98
62 238
63 264
64 785
65 717
66 643
67 110
68 172
69 276
70 773
71 705
72 631
73 122
74 184
75 288
76 761
77 693
78 619
79 185
80 1066
81 462
82 536
83 313
84 831
85 117
87 127
88 183
89 329
90 780
91 135
93 103
94 207
95 257
96 786
97 153
99 157
100 231
101 263
102 792
105 133
106 177
107 269
108 798
109 111
112 201
113 275
114 804
115 129
118 225
119 281
120 810
121 147
123 139
124 171
125 287
126 816
130 195
131 293
132 822
136 219
137 299
138 828
141 145
142 243
143 305
144 834
148 189
149 311
150 762
151 159
154 213
155 317
156 768
160 237
161 323
162 774
163 233
164 1018
165 432
166 566
167 283
168 801
169 893
170 228
173 331
174 230
175 845
176 246
179 751
180 206
181 875
182 186
187 905
188 204
191 499
192 236
193 857
194 222
197 919
198 212
199 887
200 240
203 247
205 917
209 667
210 242
211 869
215 1087
216 218
217 899
221 415
223 851
224 234
227 835
229 881
235 911
239 583
241 863
245 1003
248 1048
249 480
250 518
251 253
252 771
254 782
255 886
256 942
259 671
260 788
261 868
262 990
265 1091
266 794
267 850
268 960
271 419
272 800
273 910
274 930
277 839
278 806
279 892
280 978
284 812
285 874
286 948
289 587
290 818
291 856
292 996
295 1007
296 824
297 916
298 966
301 335
302 830
303 898
304 936
307 755
308 758
309 880
310 984
314 764
315 862
316 954
319 503
320 770
321 844
322 1002
325 923
326 776
327 904
328 972
332 1078
333 450
334 548
336 819
337 623
338 561
339 457
340 769
341 915
342 989
343 653
344 531
345 433
346 829
347 903
348 929
349 605
350 579
351 487
352 811
353 891
354 947
355 635
356 549
357 463
358 793
359 879
360 965
361 665
362 519
363 439
364 775
365 867
366 983
367 617
368 567
369 493
370 757
371 855
372 1001
373 647
374 537
375 469
376 817
377 843
378 941
379 599
380 507
381 445
382 799
383 909
384 959
385 629
386 555
387 421
388 781
389 897
390 977
391 659
392 525
393 475
394 763
395 885
396 995
397 611
398 573
399 451
400 823
401 873
402 935
403 641
404 543
405 427
406 805
407 861
408 953
409 593
410 513
411 481
412 787
413 849
414 971
416 1030
417 498
418 578
420 789
422 449
423 630
424 574
425 428
426 837
429 642
430 580
431 446
434 479
435 654
436 508
437 464
438 585
440 455
441 666
442 514
443 482
444 1005
447 600
448 520
452 485
453 612
454 526
456 753
458 461
459 624
460 532
465 636
466 538
467 476
468 501
470 491
471 648
472 544
473 494
474 921
477 660
478 550
483 594
484 556
486 669
488 497
489 606
490 562
492 1089
495 618
496 568
500 1060
502 530
504 759
505 956
506 1090
509 582
510 527
511 968
512 670
515 558
516 545
517 980
521 534
522 563
523 992
524 922
528 581
529 926
533 564
535 938
539 540
541 950
542 754
546 557
547 962
551 570
552 575
553 974
554 1006
559 986
560 586
565 998
569 576
571 932
572 838
577 944
584 1012
588 807
590 1067
591 963
592 907
596 1043
597 969
598 889
602 1019
603 975
604 871
608 1073
609 981
610 853
614 1049
615 987
616 913
620 1025
621 993
622 895
626 1079
627 999
628 877
632 1055
633 927
634 859
638 1031
639 933
640 841
644 1085
645 939
646 901
650 1061
651 945
652 883
656 1037
657 951
658 865
662 1013
663 957
664 847
668 1042
672 777
673 973
674 1035
676 1080
677 934
678 860
679 979
680 1083
682 1050
683 970
684 914
685 985
686 1053
688 1020
689 928
690 890
691 991
692 1023
694 1068
695 964
696 866
697 997
698 1071
700 1038
701 1000
702 842
703 925
704 1041
706 1086
707 958
708 896
709 931
710 1011
712 1056
713 994
714 872
715 937
716 1059
718 1026
719 952
720 848
721 943
722 1029
724 1074
725 988
726 902
727 949
728 1077
730 1044
731 946
732 878
733 955
734 1047
736 1014
737 982
738 854
739 961
740 1017
742 1062
743 940
744 908
745 967
746 1065
748 1032
749 976
750 884
752 1072
756 825
760 1022
765 924
766 1064
772 1028
778 1070
783 1092
784 1034
790 1076
795 840
796 1040
802 1082
808 1046
813 1008
814 1010
820 1052
826 1016
832 1058
836 1024
846 1069
852 1057
858 1045
864 1033
870 1021
876 1009
882 1075
888 1063
894 1051
900 1039
906 1027
912 1015
918 1081
920 1054
1004 1084
1036 1088
1 1040
2 982
3 882
4 353
5 495
6 565
7 1052
8 994
9 894
10 341
11 483
12 553
13 1064
14 928
15 906
16 407
17 471
18 541
19 1076
20 940
21 918
22 395
23 459
24 529
25 1010
26 952
27 852
28 383
29 447
30 517
31 1022
32 964
33 864
34 371
35 435
36 505
37 1034
38 976
39 876
40 359
41 423
42 571
43 1046
44 988
45 888
46 347
47 489
48 559
49 1058
50 1000
51 900
52 413
53 477
54 547
55 1070
56 934
57 912
58 401
59 465
60 535
61 1082
62 946
63 846
64 389
65 453
66 523
67 1016
68 958
69 858
70 377
71 441
72 511
73 1028
74 970
75 870
76 365
77 429
78 577
79 995
80 112
81 720
82 638
83 859
84 345
85 306
86 364
87 464
88 668
89 512
90 442
91 264
92 376
93 494
94 248
95 530
96 472
97 300
98 388
99 446
100 920
101 548
102 424
103 258
104 400
105 476
106 500
107 566
108 454
109 294
110 412
111 428
113 506
114 484
115 330
116 346
117 458
118 752
119 524
120 436
121 288
122 358
123 488
124 332
125 542
126 466
127 324
128 370
129 440
130 1004
131 560
132 496
133 282
134 382
135 470
136 584
137 578
138 448
139 318
140 394
141 422
142 164
143 518
144 478
145 276
146 406
147 452
148 836
149 536
150 430
151 312
152 340
153 482
154 416
155 554
156 460
157 270
158 352
159 434
160 1088
161 572
162 490
163 965
165 690
166 590
167 907
168 393
169 469
170 643
171 543
172 491
173 834
174 904
175 475
176 607
177 549
178 479
179 810
180 856
181 481
182 649
183 555
184 467
185 786
186 886
187 487
188 613
189 561
190 455
191 762
192 916
193 493
194 655
195 567
196 443
197 816
198 868
199 421
200 619
201 573
202 431
203 792
204 898
205 427
206 661
207 579
208 497
209 768
210 850
211 433
212 625
213 507
214 485
215 822
216 880
217 439
218 589
219 513
220 473
221 798
222 910
223 445
224 631
225 519
226 461
227 774
228 862
229 451
230 595
231 525
232 449
233 828
234 892
235 457
236 637
237 531
238 437
239 804
240 844
241 463
242 601
243 537
244 425
245 780
246 874
247 935
249 738
250 620
251 877
252 363
253 538
254 480
255 803
256 855
257 997
259 562
260 498
261 761
262 879
263 967
265 508
266 438
267 797
268 903
269 937
271 532
272 456
273 833
274 849
275 985
277 556
278 474
279 791
280 873
281 955
283 580
284 492
285 827
286 897
287 925
289 526
290 432
291 785
292 843
293 973
295 550
296 450
297 821
298 867
299 943
301 574
302 468
303 779
304 891
305 991
307 520
308 486
309 815
310 915
311 961
313 544
314 426
315 773
316 861
317 931
319 568
320 444
321 809
322 885
323 979
325 514
326 462
327 767
328 909
329 949
331 983
333 708
334 650
335 847
336 411
337 808
338 866
339 756
342 1032
343 832
344 872
348 1038
349 778
350 878
351 504
354 1044
355 802
356 884
357 924
360 1050
361 826
362 890
366 1056
367 772
368 896
369 672
372 1062
373 796
374 902
375 1092
378 1068
379 820
380 908
381 420
384 1074
385 766
386 914
387 840
390 1080
391 790
392 842
396 1086
397 814
398 848
399 588
402 1014
403 760
404 854
405 1008
408 1020
409 784
410 860
414 1026
415 953
417 678
418 602
419 895
499 1001
501 726
502 632
503 865
509 763
510 693
515 811
516 735
521 781
522 699
527 829
528 741
533 799
534 705
539 769
540 747
545 817
546 711
551 787
552 675
557 757
558 717
563 805
564 681
569 775
570 723
575 823
576 687
581 793
582 729
583 971
585 696
586 662
587 913
591 794
592 742
593 600
594 653
596 838
597 824
598 748
599 654
603 776
604 676
605 630
606 611
608 1090
609 806
610 682
612 629
614 670
615 758
616 688
617 660
618 647
621 788
622 694
623 636
624 665
626 922
627 818
628 700
633 770
634 706
635 666
639 800
640 712
641 642
644 754
645 830
646 718
648 659
651 782
652 724
656 1006
657 812
658 730
663 764
664 736
667 941
669 744
671 883
673 789
674 731
677 746
679 807
680 707
683 686
684 837
685 825
689 704
691 765
692 737
695 722
697 783
698 713
701 740
702 1005
703 801
709 819
710 743
714 753
715 759
716 719
721 777
725 734
727 795
728 749
732 921
733 813
739 831
745 771
750 1089
751 989
755 853
835 959
839 901
841 1007
845 1085
851 1013
857 1019
863 1025
869 1031
871 923
875 1037
881 1043
887 1049
889 1091
893 1055
899 1061
905 1067
911 1073
917 1079
919 929
926 954
927 1054
930 944
932 972
933 1036
936 998
938 990
939 1018
942 974
945 1078
947 1087
948 950
951 1060
956 966
957 1042
960 980
962 984
963 1024
968 1002
969 1084
975 1066
977 1003
978 986
981 1048
987 1030
992 996
993 1012
999 1072
1009 1059
1011 1045
1015 1077
1017 1021
1023 1075
1027 1035
1029 1051
1033 1053
1039 1071
1041 1081
1047 1057
1063 1065
1069 1083
1 680
2 298
3 984
4 611
5 1041
6 349
7 692
8 310
9 996
10 599
11 1029
12 337
13 704
14 322
15 930
16 665
17 1017
18 403
19 716
20 256
21 942
22 653
23 1083
24 391
25 728
26 268
27 954
28 641
29 1071
30 379
31 740
32 280
33 966
34 629
35 1059
36 367
37 674
38 292
39 978
40 617
41 1047
42 355
43 686
44 304
45 990
46 605
47 1035
48 343
49 698
50 316
51 1002
52 593
53 1023
54 409
55 710
56 328
57 936
58 659
59 1011
60 397
61 722
62 262
63 948
64 647
65 1077
66 385
67 734
68 274
69 960
70 635
71 1065
72 373
73 746
74 286
75 972
76 623
77 1053
78 361
79 991
80 114
81 460
82 639
83 317
84 830
85 513
86 131
87 366
88 778
89 116
90 836
91 531
92 107
93 378
94 784
95 134
96 920
97 549
98 161
99 390
100 790
101 152
102 1004
103 567
104 137
105 402
106 796
108 1088
109 507
110 113
111 414
112 802
115 525
117 348
118 808
119 128
120 164
121 543
122 143
123 360
124 814
125 146
126 248
127 561
129 372
130 820
132 332
133 579
135 384
136 826
138 416
139 519
140 149
141 396
142 832
144 500
145 537
147 408
148 760
150 584
151 555
153 342
154 766
155 158
156 668
157 573
159 354
160 772
162 752
163 985
165 466
166 645
167 323
168 758
169 346
170 1056
171 533
172 945
173 283
174 487
175 370
176 1074
177 569
178 969
179 253
180 475
181 394
182 1014
183 527
184 993
185 301
186 463
187 340
188 1032
189 563
190 939
191 271
192 451
193 364
194 1050
195 521
196 963
197 319
198 439
199 388
200 1068
201 557
202 987
203 289
204 427
205 412
206 1086
207 515
208 933
209 259
210 493
211 358
212 1026
213 551
214 957
215 307
216 481
217 382
218 1044
219 509
220 981
221 277
222 469
223 406
224 1062
225 545
226 927
227 325
228 457
229 352
230 1080
231 581
232 951
233 295
234 445
235 376
236 1020
237 539
238 975
239 265
240 433
241 400
242 1038
243 575
244 999
245 313
246 421
247 979
249 472
250 651
251 329
252 764
254 294
255 700
257 335
258 320
260 312
261 682
263 419
264 296
266 330
267 742
269 503
270 272
273 724
275 587
276 326
278 288
279 706
281 671
282 302
284 306
285 688
287 755
290 324
291 748
293 839
297 730
299 923
300 308
303 712
305 1007
309 694
311 1091
314 318
315 676
321 736
327 718
331 973
333 478
334 657
336 770
338 461
339 867
341 553
344 437
345 873
347 523
350 491
351 879
353 571
356 467
357 885
359 541
362 443
363 891
365 511
368 497
369 897
371 559
374 473
375 903
377 529
380 449
381 909
383 577
386 425
387 915
389 547
392 479
393 843
395 517
398 455
399 849
401 565
404 431
405 855
407 535
410 485
411 861
413 505
415 967
417 484
418 663
420 776
422 628
423 1034
424 669
426 1078
428 640
429 1064
430 753
432 1030
434 652
435 1016
436 837
438 1060
440 664
441 1046
442 921
444 1012
446 598
447 1076
448 1005
450 1042
452 610
453 1028
454 1089
456 1072
458 622
459 1058
462 1024
464 634
465 1010
468 1054
470 646
471 1040
474 1084
476 658
477 1070
480 1036
482 592
483 1022
486 1066
488 604
489 1052
490 501
492 1018
494 616
495 1082
496 585
498 1048
499 961
502 591
504 782
506 795
508 649
510 911
512 765
514 631
516 851
518 813
520 613
522 869
524 783
526 595
528 887
530 831
532 655
534 905
536 801
538 637
540 845
542 771
544 619
546 863
548 819
550 601
552 881
554 789
556 661
558 899
560 759
562 643
564 917
566 807
568 625
570 857
572 777
574 607
576 875
578 825
580 589
582 893
583 955
586 597
588 788
590 962
594 744
596 968
600 750
602 974
603 670
606 678
608 980
609 754
612 684
614 986
615 838
618 690
620 992
621 922
624 696
626 998
627 1006
630 702
632 926
633 1090
636 708
638 932
642 714
644 938
648 720
650 944
654 726
656 950
660 732
662 956
666 738
667 949
672 794
673 747
675 727
677 977
679 687
681 703
683 983
685 705
689 989
691 723
693 733
695 995
697 741
699 709
701 1001
707 929
711 739
713 935
715 717
719 941
721 735
725 947
729 745
731 953
737 959
743 965
749 971
751 943
756 800
757 914
761 810
762 773
763 848
767 786
768 791
769 860
774 809
775 872
779 816
780 827
781 884
785 792
787 896
793 908
797 822
798 803
799 842
804 821
805 854
806 840
811 866
812 924
815 828
817 878
818 1008
823 890
824 1092
829 902
833 834
835 937
841 1081
844 1073
846 940
847 1009
850 1061
852 970
853 1015
856 1049
858 1000
859 1021
862 1037
864 952
865 1027
868 1025
870 982
871 1033
874 1013
876 934
877 1039
880 1079
882 964
883 1045
886 1067
888 994
889 1051
892 1055
894 946
895 1057
898 1043
900 976
901 1063
904 1031
906 928
907 1069
910 1019
912 958
913 1075
916 1085
918 988
919 931
925 1003
997 1087
-1 -1