p 1092

1
1	0	
0	1	

2
2	0	
0	7	

3
3	0	
0	9	

4
4	0	
0	10	

5
5	0	
0	8	

6
6	0	
0	11	

7
1	0	
1	1	

8
2	0	
1	7	

9
3	0	
1	9	

10
4	0	
1	10	

11
5	0	
1	8	

12
6	0	
1	11	

13
1	0	
2	1	

14
2	0	
2	7	

15
3	0	
2	9	

16
4	0	
2	10	

17
5	0	
2	8	

18
6	0	
2	11	

19
1	0	
3	1	

20
2	0	
3	7	

21
3	0	
3	9	

22
4	0	
3	10	

23
5	0	
3	8	

24
6	0	
3	11	

25
1	0	
4	1	

26
2	0	
4	7	

27
3	0	
4	9	

28
4	0	
4	10	

29
5	0	
4	8	

30
6	0	
4	11	

31
1	0	
5	1	

32
2	0	
5	7	

33
3	0	
5	9	

34
4	0	
5	10	

35
5	0	
5	8	

36
6	0	
5	11	

37
1	0	
6	1	

38
2	0	
6	7	

39
3	0	
6	9	

40
4	0	
6	10	

41
5	0	
6	8	

42
6	0	
6	11	

43
1	0	
7	1	

44
2	0	
7	7	

45
3	0	
7	9	

46
4	0	
7	10	

47
5	0	
7	8	

48
6	0	
7	11	

49
1	0	
8	1	

50
2	0	
8	7	

51
3	0	
8	9	

52
4	0	
8	10	

53
5	0	
8	8	

54
6	0	
8	11	

55
1	0	
9	1	

56
2	0	
9	7	

57
3	0	
9	9	

58
4	0	
9	10	

59
5	0	
9	8	

60
6	0	
9	11	

61
1	0	
10	1	

62
2	0	
10	7	

63
3	0	
10	9	

64
4	0	
10	10	

65
5	0	
10	8	

66
6	0	
10	11	

67
1	0	
11	1	

68
2	0	
11	7	

69
3	0	
11	9	

70
4	0	
11	10	

71
5	0	
11	8	

72
6	0	
11	11	

73
1	0	
12	1	

74
2	0	
12	7	

75
3	0	
12	9	

76
4	0	
12	10	

77
5	0	
12	8	

78
6	0	
12	11	

79
0	12	
1	0	

80
0	6	
2	0	

81
0	4	
3	0	

82
0	3	
4	0	

83
0	5	
5	0	

84
0	2	
6	0	

85
1	1	
0	1	

86
2	1	
0	7	

87
3	1	
0	9	

88
4	1	
0	10	

89
5	1	
0	8	

90
6	1	
0	11	

91
1	1	
1	2	

92
2	1	
1	1	

93
3	1	
1	5	

94
4	1	
1	7	

95
5	1	
1	3	

96
6	1	
1	9	

97
1	1	
2	3	

98
2	1	
2	8	

99
3	1	
2	1	

100
4	1	
2	4	

101
5	1	
2	11	

102
6	1	
2	7	

103
1	1	
3	4	

104
2	1	
3	2	

105
3	1	
3	10	

106
4	1	
3	1	

107
5	1	
3	6	

108
6	1	
3	5	

109
1	1	
4	5	

110
2	1	
4	9	

111
3	1	
4	6	

112
4	1	
4	11	

113
5	1	
4	1	

114
6	1	
4	3	

115
1	1	
5	6	

116
2	1	
5	3	

117
3	1	
5	2	

118
4	1	
5	8	

119
5	1	
5	9	

120
6	1	
5	1	

121
1	1	
6	7	

122
2	1	
6	10	

123
3	1	
6	11	

124
4	1	
6	5	

125
5	1	
6	4	

126
6	1	
6	12	

127
1	1	
7	8	

128
2	1	
7	4	

129
3	1	
7	7	

130
4	1	
7	2	

131
5	1	
7	12	

132
6	1	
7	10	

133
1	1	
8	9	

134
2	1	
8	11	

135
3	1	
8	3	

136
4	1	
8	12	

137
5	1	
8	7	

138
6	1	
8	8	

139
1	1	
9	10	

140
2	1	
9	5	

141
3	1	
9	12	

142
4	1	
9	9	

143
5	1	
9	2	

144
6	1	
9	6	

145
1	1	
10	11	

146
2	1	
10	12	

147
3	1	
10	8	

148
4	1	
10	6	

149
5	1	
10	10	

150
6	1	
10	4	

151
1	1	
11	12	

152
2	1	
11	6	

153
3	1	
11	4	

154
4	1	
11	3	

155
5	1	
11	5	

156
6	1	
11	2	

157
1	1	
12	0	

158
2	1	
12	0	

159
3	1	
12	0	

160
4	1	
12	0	

161
5	1	
12	0	

162
6	1	
12	0	

163
0	12	
1	1	

164
0	6	
2	1	

165
0	4	
3	1	

166
0	3	
4	1	

167
0	5	
5	1	

168
0	2	
6	1	

169
1	2	
0	1	

170
2	2	
0	7	

171
3	2	
0	9	

172
4	2	
0	10	

173
5	2	
0	8	

174
6	2	
0	11	

175
1	2	
1	3	

176
2	2	
1	8	

177
3	2	
1	1	

178
4	2	
1	4	

179
5	2	
1	11	

180
6	2	
1	7	

181
1	2	
2	5	

182
2	2	
2	9	

183
3	2	
2	6	

184
4	2	
2	11	

185
5	2	
2	1	

186
6	2	
2	3	

187
1	2	
3	7	

188
2	2	
3	10	

189
3	2	
3	11	

190
4	2	
3	5	

191
5	2	
3	4	

192
6	2	
3	12	

193
1	2	
4	9	

194
2	2	
4	11	

195
3	2	
4	3	

196
4	2	
4	12	

197
5	2	
4	7	

198
6	2	
4	8	

199
1	2	
5	11	

200
2	2	
5	12	

201
3	2	
5	8	

202
4	2	
5	6	

203
5	2	
5	10	

204
6	2	
5	4	

205
1	2	
6	0	

206
2	2	
6	0	

207
3	2	
6	0	

208
4	2	
6	0	

209
5	2	
6	0	

210
6	2	
6	0	

211
1	2	
7	2	

212
2	2	
7	1	

213
3	2	
7	5	

214
4	2	
7	7	

215
5	2	
7	3	

216
6	2	
7	9	

217
1	2	
8	4	

218
2	2	
8	2	

219
3	2	
8	10	

220
4	2	
8	1	

221
5	2	
8	6	

222
6	2	
8	5	

223
1	2	
9	6	

224
2	2	
9	3	

225
3	2	
9	2	

226
4	2	
9	8	

227
5	2	
9	9	

228
6	2	
9	1	

229
1	2	
10	8	

230
2	2	
10	4	

231
3	2	
10	7	

232
4	2	
10	2	

233
5	2	
10	12	

234
6	2	
10	10	

235
1	2	
11	10	

236
2	2	
11	5	

237
3	2	
11	12	

238
4	2	
11	9	

239
5	2	
11	2	

240
6	2	
11	6	

241
1	2	
12	12	

242
2	2	
12	6	

243
3	2	
12	4	

244
4	2	
12	3	

245
5	2	
12	5	

246
6	2	
12	2	

247
0	12	
1	2	

248
0	6	
2	2	

249
0	4	
3	2	

250
0	3	
4	2	

251
0	5	
5	2	

252
0	2	
6	2	

253
1	3	
0	1	

254
2	3	
0	7	

255
3	3	
0	9	

256
4	3	
0	10	

257
5	3	
0	8	

258
6	3	
0	11	

259
1	3	
1	4	

260
2	3	
1	2	

261
3	3	
1	10	

262
4	3	
1	1	

263
5	3	
1	6	

264
6	3	
1	5	

265
1	3	
2	7	

266
2	3	
2	10	

267
3	3	
2	11	

268
4	3	
2	5	

269
5	3	
2	4	

270
6	3	
2	12	

271
1	3	
3	10	

272
2	3	
3	5	

273
3	3	
3	12	

274
4	3	
3	9	

275
5	3	
3	2	

276
6	3	
3	6	

277
1	3	
4	0	

278
2	3	
4	0	

279
3	3	
4	0	

280
4	3	
4	0	

281
5	3	
4	0	

282
6	3	
4	0	

283
1	3	
5	3	

284
2	3	
5	8	

285
3	3	
5	1	

286
4	3	
5	4	

287
5	3	
5	11	

288
6	3	
5	7	

289
1	3	
6	6	

290
2	3	
6	3	

291
3	3	
6	2	

292
4	3	
6	8	

293
5	3	
6	9	

294
6	3	
6	1	

295
1	3	
7	9	

296
2	3	
7	11	

297
3	3	
7	3	

298
4	3	
7	12	

299
5	3	
7	7	

300
6	3	
7	8	

301
1	3	
8	12	

302
2	3	
8	6	

303
3	3	
8	4	

304
4	3	
8	3	

305
5	3	
8	5	

306
6	3	
8	2	

307
1	3	
9	2	

308
2	3	
9	1	

309
3	3	
9	5	

310
4	3	
9	7	

311
5	3	
9	3	

312
6	3	
9	9	

313
1	3	
10	5	

314
2	3	
10	9	

315
3	3	
10	6	

316
4	3	
10	11	

317
5	3	
10	1	

318
6	3	
10	3	

319
1	3	
11	8	

320
2	3	
11	4	

321
3	3	
11	7	

322
4	3	
11	2	

323
5	3	
11	12	

324
6	3	
11	10	

325
1	3	
12	11	

326
2	3	
12	12	

327
3	3	
12	8	

328
4	3	
12	6	

329
5	3	
12	10	

330
6	3	
12	4	

331
0	12	
1	3	

332
0	6	
2	3	

333
0	4	
3	3	

334
0	3	
4	3	

335
0	5	
5	3	

336
0	2	
6	3	

337
1	4	
0	1	

338
2	4	
0	7	

339
3	4	
0	9	

340
4	4	
0	10	

341
5	4	
0	8	

342
6	4	
0	11	

343
1	4	
1	5	

344
2	4	
1	9	

345
3	4	
1	6	

346
4	4	
1	11	

347
5	4	
1	1	

348
6	4	
1	3	

349
1	4	
2	9	

350
2	4	
2	11	

351
3	4	
2	3	

352
4	4	
2	12	

353
5	4	
2	7	

354
6	4	
2	8	

355
1	4	
3	0	

356
2	4	
3	0	

357
3	4	
3	0	

358
4	4	
3	0	

359
5	4	
3	0	

360
6	4	
3	0	

361
1	4	
4	4	

362
2	4	
4	2	

363
3	4	
4	10	

364
4	4	
4	1	

365
5	4	
4	6	

366
6	4	
4	5	

367
1	4	
5	8	

368
2	4	
5	4	

369
3	4	
5	7	

370
4	4	
5	2	

371
5	4	
5	12	

372
6	4	
5	10	

373
1	4	
6	12	

374
2	4	
6	6	

375
3	4	
6	4	

376
4	4	
6	3	

377
5	4	
6	5	

378
6	4	
6	2	

379
1	4	
7	3	

380
2	4	
7	8	

381
3	4	
7	1	

382
4	4	
7	4	

383
5	4	
7	11	

384
6	4	
7	7	

385
1	4	
8	7	

386
2	4	
8	10	

387
3	4	
8	11	

388
4	4	
8	5	

389
5	4	
8	4	

390
6	4	
8	12	

391
1	4	
9	11	

392
2	4	
9	12	

393
3	4	
9	8	

394
4	4	
9	6	

395
5	4	
9	10	

396
6	4	
9	4	

397
1	4	
10	2	

398
2	4	
10	1	

399
3	4	
10	5	

400
4	4	
10	7	

401
5	4	
10	3	

402
6	4	
10	9	

403
1	4	
11	6	

404
2	4	
11	3	

405
3	4	
11	2	

406
4	4	
11	8	

407
5	4	
11	9	

408
6	4	
11	1	

409
1	4	
12	10	

410
2	4	
12	5	

411
3	4	
12	12	

412
4	4	
12	9	

413
5	4	
12	2	

414
6	4	
12	6	

415
0	12	
1	4	

416
0	6	
2	4	

417
0	4	
3	4	

418
0	3	
4	4	

419
0	5	
5	4	

420
0	2	
6	4	

421
1	5	
0	1	

422
2	5	
0	7	

423
3	5	
0	9	

424
4	5	
0	10	

425
5	5	
0	8	

426
6	5	
0	11	

427
1	5	
1	6	

428
2	5	
1	3	

429
3	5	
1	2	

430
4	5	
1	8	

431
5	5	
1	9	

432
6	5	
1	1	

433
1	5	
2	11	

434
2	5	
2	12	

435
3	5	
2	8	

436
4	5	
2	6	

437
5	5	
2	10	

438
6	5	
2	4	

439
1	5	
3	3	

440
2	5	
3	8	

441
3	5	
3	1	

442
4	5	
3	4	

443
5	5	
3	11	

444
6	5	
3	7	

445
1	5	
4	8	

446
2	5	
4	4	

447
3	5	
4	7	

448
4	5	
4	2	

449
5	5	
4	12	

450
6	5	
4	10	

451
1	5	
5	0	

452
2	5	
5	0	

453
3	5	
5	0	

454
4	5	
5	0	

455
5	5	
5	0	

456
6	5	
5	0	

457
1	5	
6	5	

458
2	5	
6	9	

459
3	5	
6	6	

460
4	5	
6	11	

461
5	5	
6	1	

462
6	5	
6	3	

463
1	5	
7	10	

464
2	5	
7	5	

465
3	5	
7	12	

466
4	5	
7	9	

467
5	5	
7	2	

468
6	5	
7	6	

469
1	5	
8	2	

470
2	5	
8	1	

471
3	5	
8	5	

472
4	5	
8	7	

473
5	5	
8	3	

474
6	5	
8	9	

475
1	5	
9	7	

476
2	5	
9	10	

477
3	5	
9	11	

478
4	5	
9	5	

479
5	5	
9	4	

480
6	5	
9	12	

481
1	5	
10	12	

482
2	5	
10	6	

483
3	5	
10	4	

484
4	5	
10	3	

485
5	5	
10	5	

486
6	5	
10	2	

487
1	5	
11	4	

488
2	5	
11	2	

489
3	5	
11	10	

490
4	5	
11	1	

491
5	5	
11	6	

492
6	5	
11	5	

493
1	5	
12	9	

494
2	5	
12	11	

495
3	5	
12	3	

496
4	5	
12	12	

497
5	5	
12	7	

498
6	5	
12	8	

499
0	12	
1	5	

500
0	6	
2	5	

501
0	4	
3	5	

502
0	3	
4	5	

503
0	5	
5	5	

504
0	2	
6	5	

505
1	6	
0	1	

506
2	6	
0	7	

507
3	6	
0	9	

508
4	6	
0	10	

509
5	6	
0	8	

510
6	6	
0	11	

511
1	6	
1	7	

512
2	6	
1	10	

513
3	6	
1	11	

514
4	6	
1	5	

515
5	6	
1	4	

516
6	6	
1	12	

517
1	6	
2	0	

518
2	6	
2	0	

519
3	6	
2	0	

520
4	6	
2	0	

521
5	6	
2	0	

522
6	6	
2	0	

523
1	6	
3	6	

524
2	6	
3	3	

525
3	6	
3	2	

526
4	6	
3	8	

527
5	6	
3	9	

528
6	6	
3	1	

529
1	6	
4	12	

530
2	6	
4	6	

531
3	6	
4	4	

532
4	6	
4	3	

533
5	6	
4	5	

534
6	6	
4	2	

535
1	6	
5	5	

536
2	6	
5	9	

537
3	6	
5	6	

538
4	6	
5	11	

539
5	6	
5	1	

540
6	6	
5	3	

541
1	6	
6	11	

542
2	6	
6	12	

543
3	6	
6	8	

544
4	6	
6	6	

545
5	6	
6	10	

546
6	6	
6	4	

547
1	6	
7	4	

548
2	6	
7	2	

549
3	6	
7	10	

550
4	6	
7	1	

551
5	6	
7	6	

552
6	6	
7	5	

553
1	6	
8	10	

554
2	6	
8	5	

555
3	6	
8	12	

556
4	6	
8	9	

557
5	6	
8	2	

558
6	6	
8	6	

559
1	6	
9	3	

560
2	6	
9	8	

561
3	6	
9	1	

562
4	6	
9	4	

563
5	6	
9	11	

564
6	6	
9	7	

565
1	6	
10	9	

566
2	6	
10	11	

567
3	6	
10	3	

568
4	6	
10	12	

569
5	6	
10	7	

570
6	6	
10	8	

571
1	6	
11	2	

572
2	6	
11	1	

573
3	6	
11	5	

574
4	6	
11	7	

575
5	6	
11	3	

576
6	6	
11	9	

577
1	6	
12	8	

578
2	6	
12	4	

579
3	6	
12	7	

580
4	6	
12	2	

581
5	6	
12	12	

582
6	6	
12	10	

583
0	12	
1	6	

584
0	6	
2	6	

585
0	4	
3	6	

586
0	3	
4	6	

587
0	5	
5	6	

588
0	2	
6	6	

589
1	7	
0	1	

590
2	7	
0	7	

591
3	7	
0	9	

592
4	7	
0	10	

593
5	7	
0	8	

594
6	7	
0	11	

595
1	7	
1	8	

596
2	7	
1	4	

597
3	7	
1	7	

598
4	7	
1	2	

599
5	7	
1	12	

600
6	7	
1	10	

601
1	7	
2	2	

602
2	7	
2	1	

603
3	7	
2	5	

604
4	7	
2	7	

605
5	7	
2	3	

606
6	7	
2	9	

607
1	7	
3	9	

608
2	7	
3	11	

609
3	7	
3	3	

610
4	7	
3	12	

611
5	7	
3	7	

612
6	7	
3	8	

613
1	7	
4	3	

614
2	7	
4	8	

615
3	7	
4	1	

616
4	7	
4	4	

617
5	7	
4	11	

618
6	7	
4	7	

619
1	7	
5	10	

620
2	7	
5	5	

621
3	7	
5	12	

622
4	7	
5	9	

623
5	7	
5	2	

624
6	7	
5	6	

625
1	7	
6	4	

626
2	7	
6	2	

627
3	7	
6	10	

628
4	7	
6	1	

629
5	7	
6	6	

630
6	7	
6	5	

631
1	7	
7	11	

632
2	7	
7	12	

633
3	7	
7	8	

634
4	7	
7	6	

635
5	7	
7	10	

636
6	7	
7	4	

637
1	7	
8	5	

638
2	7	
8	9	

639
3	7	
8	6	

640
4	7	
8	11	

641
5	7	
8	1	

642
6	7	
8	3	

643
1	7	
9	12	

644
2	7	
9	6	

645
3	7	
9	4	

646
4	7	
9	3	

647
5	7	
9	5	

648
6	7	
9	2	

649
1	7	
10	6	

650
2	7	
10	3	

651
3	7	
10	2	

652
4	7	
10	8	

653
5	7	
10	9	

654
6	7	
10	1	

655
1	7	
11	0	

656
2	7	
11	0	

657
3	7	
11	0	

658
4	7	
11	0	

659
5	7	
11	0	

660
6	7	
11	0	

661
1	7	
12	7	

662
2	7	
12	10	

663
3	7	
12	11	

664
4	7	
12	5	

665
5	7	
12	4	

666
6	7	
12	12	

667
0	12	
1	7	

668
0	6	
2	7	

669
0	4	
3	7	

670
0	3	
4	7	

671
0	5	
5	7	

672
0	2	
6	7	

673
1	8	
0	1	

674
2	8	
0	7	

675
3	8	
0	9	

676
4	8	
0	10	

677
5	8	
0	8	

678
6	8	
0	11	

679
1	8	
1	9	

680
2	8	
1	11	

681
3	8	
1	3	

682
4	8	
1	12	

683
5	8	
1	7	

684
6	8	
1	8	

685
1	8	
2	4	

686
2	8	
2	2	

687
3	8	
2	10	

688
4	8	
2	1	

689
5	8	
2	6	

690
6	8	
2	5	

691
1	8	
3	12	

692
2	8	
3	6	

693
3	8	
3	4	

694
4	8	
3	3	

695
5	8	
3	5	

696
6	8	
3	2	

697
1	8	
4	7	

698
2	8	
4	10	

699
3	8	
4	11	

700
4	8	
4	5	

701
5	8	
4	4	

702
6	8	
4	12	

703
1	8	
5	2	

704
2	8	
5	1	

705
3	8	
5	5	

706
4	8	
5	7	

707
5	8	
5	3	

708
6	8	
5	9	

709
1	8	
6	10	

710
2	8	
6	5	

711
3	8	
6	12	

712
4	8	
6	9	

713
5	8	
6	2	

714
6	8	
6	6	

715
1	8	
7	5	

716
2	8	
7	9	

717
3	8	
7	6	

718
4	8	
7	11	

719
5	8	
7	1	

720
6	8	
7	3	

721
1	8	
8	0	

722
2	8	
8	0	

723
3	8	
8	0	

724
4	8	
8	0	

725
5	8	
8	0	

726
6	8	
8	0	

727
1	8	
9	8	

728
2	8	
9	4	

729
3	8	
9	7	

730
4	8	
9	2	

731
5	8	
9	12	

732
6	8	
9	10	

733
1	8	
10	3	

734
2	8	
10	8	

735
3	8	
10	1	

736
4	8	
10	4	

737
5	8	
10	11	

738
6	8	
10	7	

739
1	8	
11	11	

740
2	8	
11	12	

741
3	8	
11	8	

742
4	8	
11	6	

743
5	8	
11	10	

744
6	8	
11	4	

745
1	8	
12	6	

746
2	8	
12	3	

747
3	8	
12	2	

748
4	8	
12	8	

749
5	8	
12	9	

750
6	8	
12	1	

751
0	12	
1	8	

752
0	6	
2	8	

753
0	4	
3	8	

754
0	3	
4	8	

755
0	5	
5	8	

756
0	2	
6	8	

757
1	9	
0	1	

758
2	9	
0	7	

759
3	9	
0	9	

760
4	9	
0	10	

761
5	9	
0	8	

762
6	9	
0	11	

763
1	9	
1	10	

764
2	9	
1	5	

765
3	9	
1	12	

766
4	9	
1	9	

767
5	9	
1	2	

768
6	9	
1	6	

769
1	9	
2	6	

770
2	9	
2	3	

771
3	9	
2	2	

772
4	9	
2	8	

773
5	9	
2	9	

774
6	9	
2	1	

775
1	9	
3	2	

776
2	9	
3	1	

777
3	9	
3	5	

778
4	9	
3	7	

779
5	9	
3	3	

780
6	9	
3	9	

781
1	9	
4	11	

782
2	9	
4	12	

783
3	9	
4	8	

784
4	9	
4	6	

785
5	9	
4	10	

786
6	9	
4	4	

787
1	9	
5	7	

788
2	9	
5	10	

789
3	9	
5	11	

790
4	9	
5	5	

791
5	9	
5	4	

792
6	9	
5	12	

793
1	9	
6	3	

794
2	9	
6	8	

795
3	9	
6	1	

796
4	9	
6	4	

797
5	9	
6	11	

798
6	9	
6	7	

799
1	9	
7	12	

800
2	9	
7	6	

801
3	9	
7	4	

802
4	9	
7	3	

803
5	9	
7	5	

804
6	9	
7	2	

805
1	9	
8	8	

806
2	9	
8	4	

807
3	9	
8	7	

808
4	9	
8	2	

809
5	9	
8	12	

810
6	9	
8	10	

811
1	9	
9	4	

812
2	9	
9	2	

813
3	9	
9	10	

814
4	9	
9	1	

815
5	9	
9	6	

816
6	9	
9	5	

817
1	9	
10	0	

818
2	9	
10	0	

819
3	9	
10	0	

820
4	9	
10	0	

821
5	9	
10	0	

822
6	9	
10	0	

823
1	9	
11	9	

824
2	9	
11	11	

825
3	9	
11	3	

826
4	9	
11	12	

827
5	9	
11	7	

828
6	9	
11	8	

829
1	9	
12	5	

830
2	9	
12	9	

831
3	9	
12	6	

832
4	9	
12	11	

833
5	9	
12	1	

834
6	9	
12	3	

835
0	12	
1	9	

836
0	6	
2	9	

837
0	4	
3	9	

838
0	3	
4	9	

839
0	5	
5	9	

840
0	2	
6	9	

841
1	10	
0	1	

842
2	10	
0	7	

843
3	10	
0	9	

844
4	10	
0	10	

845
5	10	
0	8	

846
6	10	
0	11	

847
1	10	
1	11	

848
2	10	
1	12	

849
3	10	
1	8	

850
4	10	
1	6	

851
5	10	
1	10	

852
6	10	
1	4	

853
1	10	
2	8	

854
2	10	
2	4	

855
3	10	
2	7	

856
4	10	
2	2	

857
5	10	
2	12	

858
6	10	
2	10	

859
1	10	
3	5	

860
2	10	
3	9	

861
3	10	
3	6	

862
4	10	
3	11	

863
5	10	
3	1	

864
6	10	
3	3	

865
1	10	
4	2	

866
2	10	
4	1	

867
3	10	
4	5	

868
4	10	
4	7	

869
5	10	
4	3	

870
6	10	
4	9	

871
1	10	
5	12	

872
2	10	
5	6	

873
3	10	
5	4	

874
4	10	
5	3	

875
5	10	
5	5	

876
6	10	
5	2	

877
1	10	
6	9	

878
2	10	
6	11	

879
3	10	
6	3	

880
4	10	
6	12	

881
5	10	
6	7	

882
6	10	
6	8	

883
1	10	
7	6	

884
2	10	
7	3	

885
3	10	
7	2	

886
4	10	
7	8	

887
5	10	
7	9	

888
6	10	
7	1	

889
1	10	
8	3	

890
2	10	
8	8	

891
3	10	
8	1	

892
4	10	
8	4	

893
5	10	
8	11	

894
6	10	
8	7	

895
1	10	
9	0	

896
2	10	
9	0	

897
3	10	
9	0	

898
4	10	
9	0	

899
5	10	
9	0	

900
6	10	
9	0	

901
1	10	
10	10	

902
2	10	
10	5	

903
3	10	
10	12	

904
4	10	
10	9	

905
5	10	
10	2	

906
6	10	
10	6	

907
1	10	
11	7	

908
2	10	
11	10	

909
3	10	
11	11	

910
4	10	
11	5	

911
5	10	
11	4	

912
6	10	
11	12	

913
1	10	
12	4	

914
2	10	
12	2	

915
3	10	
12	10	

916
4	10	
12	1	

917
5	10	
12	6	

918
6	10	
12	5	

919
0	12	
1	10	

920
0	6	
2	10	

921
0	4	
3	10	

922
0	3	
4	10	

923
0	5	
5	10	

924
0	2	
6	10	

925
1	11	
0	1	

926
2	11	
0	7	

927
3	11	
0	9	

928
4	11	
0	10	

929
5	11	
0	8	

930
6	11	
0	11	

931
1	11	
1	12	

932
2	11	
1	6	

933
3	11	
1	4	

934
4	11	
1	3	

935
5	11	
1	5	

936
6	11	
1	2	

937
1	11	
2	10	

938
2	11	
2	5	

939
3	11	
2	12	

940
4	11	
2	9	

941
5	11	
2	2	

942
6	11	
2	6	

943
1	11	
3	8	

944
2	11	
3	4	

945
3	11	
3	7	

946
4	11	
3	2	

947
5	11	
3	12	

948
6	11	
3	10	

949
1	11	
4	6	

950
2	11	
4	3	

951
3	11	
4	2	

952
4	11	
4	8	

953
5	11	
4	9	

954
6	11	
4	1	

955
1	11	
5	4	

956
2	11	
5	2	

957
3	11	
5	10	

958
4	11	
5	1	

959
5	11	
5	6	

960
6	11	
5	5	

961
1	11	
6	2	

962
2	11	
6	1	

963
3	11	
6	5	

964
4	11	
6	7	

965
5	11	
6	3	

966
6	11	
6	9	

967
1	11	
7	0	

968
2	11	
7	0	

969
3	11	
7	0	

970
4	11	
7	0	

971
5	11	
7	0	

972
6	11	
7	0	

973
1	11	
8	11	

974
2	11	
8	12	

975
3	11	
8	8	

976
4	11	
8	6	

977
5	11	
8	10	

978
6	11	
8	4	

979
1	11	
9	9	

980
2	11	
9	11	

981
3	11	
9	3	

982
4	11	
9	12	

983
5	11	
9	7	

984
6	11	
9	8	

985
1	11	
10	7	

986
2	11	
10	10	

987
3	11	
10	11	

988
4	11	
10	5	

989
5	11	
10	4	

990
6	11	
10	12	

991
1	11	
11	5	

992
2	11	
11	9	

993
3	11	
11	6	

994
4	11	
11	11	

995
5	11	
11	1	

996
6	11	
11	3	

997
1	11	
12	3	

998
2	11	
12	8	

999
3	11	
12	1	

1000
4	11	
12	4	

1001
5	11	
12	11	

1002
6	11	
12	7	

1003
0	12	
1	11	

1004
0	6	
2	11	

1005
0	4	
3	11	

1006
0	3	
4	11	

1007
0	5	
5	11	

1008
0	2	
6	11	

1009
1	12	
0	1	

1010
2	12	
0	7	

1011
3	12	
0	9	

1012
4	12	
0	10	

1013
5	12	
0	8	

1014
6	12	
0	11	

1015
1	12	
1	0	

1016
2	12	
1	0	

1017
3	12	
1	0	

1018
4	12	
1	0	

1019
5	12	
1	0	

1020
6	12	
1	0	

1021
1	12	
2	12	

1022
2	12	
2	6	

1023
3	12	
2	4	

1024
4	12	
2	3	

1025
5	12	
2	5	

1026
6	12	
2	2	

1027
1	12	
3	11	

1028
2	12	
3	12	

1029
3	12	
3	8	

1030
4	12	
3	6	

1031
5	12	
3	10	

1032
6	12	
3	4	

1033
1	12	
4	10	

1034
2	12	
4	5	

1035
3	12	
4	12	

1036
4	12	
4	9	

1037
5	12	
4	2	

1038
6	12	
4	6	

1039
1	12	
5	9	

1040
2	12	
5	11	

1041
3	12	
5	3	

1042
4	12	
5	12	

1043
5	12	
5	7	

1044
6	12	
5	8	

1045
1	12	
6	8	

1046
2	12	
6	4	

1047
3	12	
6	7	

1048
4	12	
6	2	

1049
5	12	
6	12	

1050
6	12	
6	10	

1051
1	12	
7	7	

1052
2	12	
7	10	

1053
3	12	
7	11	

1054
4	12	
7	5	

1055
5	12	
7	4	

1056
6	12	
7	12	

1057
1	12	
8	6	

1058
2	12	
8	3	

1059
3	12	
8	2	

1060
4	12	
8	8	

1061
5	12	
8	9	

1062
6	12	
8	1	

1063
1	12	
9	5	

1064
2	12	
9	9	

1065
3	12	
9	6	

1066
4	12	
9	11	

1067
5	12	
9	1	

1068
6	12	
9	3	

1069
1	12	
10	4	

1070
2	12	
10	2	

1071
3	12	
10	10	

1072
4	12	
10	1	

1073
5	12	
10	6	

1074
6	12	
10	5	

1075
1	12	
11	3	

1076
2	12	
11	8	

1077
3	12	
11	1	

1078
4	12	
11	4	

1079
5	12	
11	11	

1080
6	12	
11	7	

1081
1	12	
12	2	

1082
2	12	
12	1	

1083
3	12	
12	5	

1084
4	12	
12	7	

1085
5	12	
12	3	

1086
6	12	
12	9	

1087
0	12	
1	12	

1088
0	6	
2	12	

1089
0	4	
3	12	

1090
0	3	
4	12	

1091
0	5	
5	12	

1092
0	2	
6	12	
